기간	지역	월별	발생	발생	발생	발생	소실	소실	소실	피해액	피해액	피해액	재산피해경감액	인명피해	인명피해	인명피해	이재민수	구조인원
기간	지역	월별	합계	실화	방화	기타	동수	이재가구수	면적	합계	부동산	동산	재산피해경감액	합계	사망	부상	이재민수	구조인원
2017	합계	계	5,978	5,346	123	509	668	71	85,589.83	15,323,890	6,592,363	8,731,527	780,427,721	283	37	246	148	794
2017	합계	1월	513	452	20	41	61	4	2,364.15	1,322,875	453,622	869,253	38,953,437	17	4	13	16	29
2017	합계	2월	442	379	12	51	52	1	2,349.28	1,144,247	471,809	672,438	218,887,430	19	2	17	3	93
2017	합계	3월	522	475	11	36	51	9	12,432.05	2,248,904	1,417,807	831,097	47,559,747	30	6	24	25	48
2017	합계	4월	480	425	9	46	61	16	6,708.08	952,204	324,456	627,748	30,813,729	25	3	22	17	53
2017	합계	5월	525	470	10	45	55	9	4,145.99	1,218,663	433,599	785,064	44,512,952	23	5	18	23	55
2017	합계	6월	507	458	11	38	49	6	45,101.17	926,051	317,749	608,302	61,710,568	21	4	17	16	150
2017	합계	7월	509	459	6	44	48	1	947.17	833,273	370,841	462,432	41,239,851	9	-	9	3	42
2017	합계	8월	480	433	6	41	26	-	1,251.1	1,061,597	402,834	658,763	65,081,460	24	-	24	-	54
2017	합계	9월	525	464	12	49	52	6	1,389.09	1,434,617	403,677	1,030,940	27,044,840	24	2	22	13	69
2017	합계	10월	488	437	14	37	36	5	1,500.84	1,239,319	588,466	650,853	87,414,167	25	2	23	9	133
2017	합계	11월	477	437	5	35	87	3	3,654.79	1,115,779	549,950	565,829	76,703,122	38	3	35	7	30
2017	합계	12월	510	457	7	46	90	11	3,746.12	1,826,361	857,553	968,808	40,506,418	28	6	22	16	38
2017	종로구	계	234	197	6	31	13	9	831.93	1,077,665	193,128	884,537	7,859,982	4	1	3	20	16
2017	종로구	1월	16	11	2	3	-	-	24	114,669	20,961	93,708	97,528	1	1	-	-	-
2017	종로구	2월	15	10	-	5	-	-	76	31,056	7,003	24,053	3,165	-	-	-	-	-
2017	종로구	3월	11	11	-	-	-	-	12	5,435	2,970	2,465	14,648	-	-	-	-	2
2017	종로구	4월	29	24	1	4	-	-	98	62,448	16,838	45,610	483,507	2	-	2	-	-
2017	종로구	5월	23	19	-	4	1	8	83	62,269	17,515	44,754	318,981	-	-	-	19	-
2017	종로구	6월	19	16	1	2	-	-	135	137,193	37,907	99,286	1,649,164	1	-	1	-	1
2017	종로구	7월	30	26	-	4	-	-	11	11,228	3,564	7,664	121,369	-	-	-	-	3
2017	종로구	8월	20	18	-	2	1	-	47	39,141	8,893	30,248	634,753	-	-	-	-	4
2017	종로구	9월	21	17	-	4	8	-	292.93	507,921	61,209	446,712	1,009,245	-	-	-	-	2
2017	종로구	10월	14	11	2	1	1	1	5	19,570	7,577	11,993	303,277	-	-	-	1	1
2017	종로구	11월	12	12	-	-	-	-	6	12,071	2,585	9,486	161,555	-	-	-	-	3
2017	종로구	12월	24	22	-	2	2	-	42	74,664	6,106	68,558	3,062,790	-	-	-	-	-
2017	중구	계	198	177	3	18	34	13	1,077.41	485,392	199,688	285,704	6,129,751	19	5	14	14	17
2017	중구	1월	12	11	-	1	2	-	132	55,240	6,582	48,658	67,833	-	-	-	-	-
2017	중구	2월	13	12	-	1	1	-	15	24,022	6,809	17,213	84,233	-	-	-	-	2
2017	중구	3월	15	14	-	1	4	1	83.05	36,963	12,299	24,664	143	1	1	-	2	1
2017	중구	4월	11	10	-	1	1	11	41	21,264	6,699	14,565	7,508	1	-	1	11	-
2017	중구	5월	21	19	-	2	10	-	572	197,833	99,019	98,814	676,934	7	4	3	-	3
2017	중구	6월	16	14	-	2	2	-	33	5,089	708	4,381	226,590	-	-	-	-	-
2017	중구	7월	16	13	-	3	5	-	69	43,033	13,749	29,284	764,713	-	-	-	-	2
2017	중구	8월	15	14	-	1	2	-	1	4,116	1,003	3,113	521,529	1	-	1	-	-
2017	중구	9월	26	22	2	2	2	-	8	7,223	1,810	5,413	941,370	1	-	1	-	-
2017	중구	10월	16	15	-	1	-	-	26	27,295	15,154	12,141	595,330	1	-	1	-	-
2017	중구	11월	14	12	1	1	1	-	4	5,373	967	4,406	1,940,691	5	-	5	-	1
2017	중구	12월	23	21	-	2	4	1	93.36	57,941	34,889	23,052	302,877	2	-	2	1	8
2017	용산구	계	167	145	-	22	6	7	619.5	262,910	112,190	150,720	14,355,773	6	-	6	22	8
2017	용산구	1월	12	9	-	3	-	-	30	12,293	7,682	4,611	42,493	-	-	-	-	-
2017	용산구	2월	11	10	-	1	-	-	15	4,784	1,661	3,123	-	-	-	-	-	-
2017	용산구	3월	17	15	-	2	-	7	116	76,705	33,233	43,472	487,389	4	-	4	22	3
2017	용산구	4월	12	9	-	3	-	-	95	11,507	7,856	3,651	587,091	2	-	2	-	1
2017	용산구	5월	16	14	-	2	-	-	6.5	9,320	1,846	7,474	1,861	-	-	-	-	-
2017	용산구	6월	16	15	-	1	3	-	28	6,676	3,390	3,286	21,374	-	-	-	-	-
2017	용산구	7월	14	13	-	1	-	-	3	5,850	1,385	4,465	254,594	-	-	-	-	1
2017	용산구	8월	15	14	-	1	-	-	24	36,568	9,557	27,011	3,331,034	-	-	-	-	-
2017	용산구	9월	13	12	-	1	-	-	9	5,720	3,478	2,242	20,576	-	-	-	-	1
2017	용산구	10월	9	7	-	2	1	-	23	30,645	6,161	24,484	2,596,765	-	-	-	-	1
2017	용산구	11월	18	16	-	2	-	-	63	28,481	12,738	15,743	1,156,426	-	-	-	-	-
2017	용산구	12월	14	11	-	3	2	-	207	34,361	23,203	11,158	5,856,170	-	-	-	-	1
2017	성동구	계	197	173	4	20	36	-	939.7	621,324	228,269	393,055	16,032,935	12	1	11	-	10
2017	성동구	1월	18	18	-	-	3	-	45	43,176	18,273	24,903	2,042,935	-	-	-	-	7
2017	성동구	2월	11	11	-	-	1	-	2	10,884	3,387	7,497	998,974	2	-	2	-	-
2017	성동구	3월	14	12	1	1	3	-	344	102,307	39,399	62,908	2,978,149	2	1	1	-	-
2017	성동구	4월	12	10	-	2	-	-	-	11,136	170	10,966	65,404	-	-	-	-	1
2017	성동구	5월	14	12	1	1	1	-	96	108,114	37,382	70,732	1,163,288	-	-	-	-	-
2017	성동구	6월	15	13	-	2	1	-	16.5	11,518	6,247	5,271	2,219,453	-	-	-	-	-
2017	성동구	7월	16	14	-	2	5	-	113.8	66,120	45,261	20,859	2,166,308	3	-	3	-	-
2017	성동구	8월	17	14	-	3	-	-	70	42,524	25,042	17,482	1,900,051	1	-	1	-	1
2017	성동구	9월	22	17	2	3	3	-	82	70,542	13,615	56,927	944,936	2	-	2	-	-
2017	성동구	10월	16	15	-	1	-	-	-	2,096	245	1,851	122,901	-	-	-	-	-
2017	성동구	11월	17	16	-	1	6	-	64.4	51,384	12,012	39,372	801,615	-	-	-	-	-
2017	성동구	12월	25	21	-	4	13	-	106	101,523	27,236	74,287	628,921	2	-	2	-	1
2017	광진구	계	200	188	3	9	22	-	656.77	433,742	230,322	203,420	18,534,827	7	1	6	-	29
2017	광진구	1월	16	11	2	3	4	-	15	23,339	9,641	13,698	1,207,145	1	-	1	-	1
2017	광진구	2월	10	9	1	-	3	-	123.29	51,536	24,467	27,069	443,570	-	-	-	-	-
2017	광진구	3월	9	9	-	-	-	-	-	3,456	1,339	2,117	361,135	-	-	-	-	-
2017	광진구	4월	23	22	-	1	5	-	30.2	21,484	15,096	6,388	6,636,520	2	1	1	-	1
2017	광진구	5월	15	15	-	-	2	-	2	3,183	1,398	1,785	812,353	-	-	-	-	1
2017	광진구	6월	16	16	-	-	1	-	59.4	31,248	20,086	11,162	337,051	-	-	-	-	-
2017	광진구	7월	18	18	-	-	1	-	77.88	92,351	37,903	54,448	1,398,555	1	-	1	-	20
2017	광진구	8월	10	9	-	1	-	-	79	34,473	20,830	13,643	2,059,207	2	-	2	-	1
2017	광진구	9월	29	28	-	1	1	-	90	57,852	41,591	16,261	1,635,433	-	-	-	-	3
2017	광진구	10월	24	22	-	2	1	-	103	70,255	33,780	36,475	1,469,817	1	-	1	-	2
2017	광진구	11월	19	18	-	1	3	-	22	13,863	5,030	8,833	1,871,051	-	-	-	-	-
2017	광진구	12월	11	11	-	-	1	-	55	30,702	19,161	11,541	302,990	-	-	-	-	-
2017	동대문구	계	200	170	5	25	11	-	1,567.44	1,122,454	475,285	647,169	36,773,885	3	1	2	-	53
2017	동대문구	1월	19	16	1	2	-	-	90	51,404	20,136	31,268	1,628,411	-	-	-	-	-
2017	동대문구	2월	15	15	-	-	2	-	46.04	33,658	16,918	16,740	40,835	-	-	-	-	6
2017	동대문구	3월	22	19	1	2	-	-	40	16,890	5,999	10,891	150,710	-	-	-	-	10
2017	동대문구	4월	20	17	-	3	-	-	207.4	135,256	29,353	105,903	2,064,824	-	-	-	-	14
2017	동대문구	5월	13	10	-	3	-	-	347	230,420	62,134	168,286	2,381,661	-	-	-	-	1
2017	동대문구	6월	18	16	-	2	-	-	3	7,499	933	6,566	1,837,490	1	-	1	-	-
2017	동대문구	7월	17	15	-	2	1	-	50	60,873	11,130	49,743	764,574	-	-	-	-	2
2017	동대문구	8월	13	10	-	3	-	-	5	6,119	2,359	3,760	819,532	-	-	-	-	4
2017	동대문구	9월	12	9	2	1	-	-	6	2,666	1,486	1,180	514,210	2	1	1	-	4
2017	동대문구	10월	22	17	1	4	-	-	41	60,685	8,571	52,114	15,168,454	-	-	-	-	6
2017	동대문구	11월	9	8	-	1	3	-	11	6,859	4,440	2,419	1,332,781	-	-	-	-	2
2017	동대문구	12월	20	18	-	2	5	-	721	510,125	311,826	198,299	10,070,403	-	-	-	-	4
2017	중랑구	계	196	167	2	27	18	1	849	332,366	171,049	161,317	8,533,459	7	2	5	4	15
2017	중랑구	1월	19	17	1	1	1	1	97	62,150	42,809	19,341	106,564	1	1	-	4	6
2017	중랑구	2월	13	11	-	2	4	-	242	54,407	34,639	19,768	744,293	-	-	-	-	1
2017	중랑구	3월	13	12	-	1	1	-	205	2,581	1,414	1,167	786	-	-	-	-	1
2017	중랑구	4월	24	20	-	4	4	-	26	58,307	7,872	50,435	147,043	1	-	1	-	1
2017	중랑구	5월	16	12	-	4	1	-	-	11,437	827	10,610	56,113	-	-	-	-	-
2017	중랑구	6월	15	12	-	3	1	-	31	24,965	14,177	10,788	974,917	-	-	-	-	1
2017	중랑구	7월	9	7	-	2	2	-	17	3,899	1,783	2,116	26,839	-	-	-	-	-
2017	중랑구	8월	14	13	-	1	-	-	-	2,530	276	2,254	53,370	-	-	-	-	2
2017	중랑구	9월	21	20	-	1	-	-	33	19,188	11,493	7,695	1,926,415	-	-	-	-	-
2017	중랑구	10월	13	8	1	4	2	-	7	13,454	3,741	9,713	827,218	1	-	1	-	-
2017	중랑구	11월	18	17	-	1	1	-	5	5,372	2,312	3,060	1,646,076	1	-	1	-	-
2017	중랑구	12월	21	18	-	3	1	-	186	74,076	49,706	24,370	2,023,825	3	1	2	-	3
2017	성북구	계	183	154	5	24	34	-	721.29	400,640	182,471	218,169	11,676,782	9	1	8	-	9
2017	성북구	1월	13	8	3	2	3	-	188	43,774	27,115	16,659	982,063	2	-	2	-	2
2017	성북구	2월	13	10	1	2	1	-	50	55,785	32,832	22,953	2,481,611	1	-	1	-	2
2017	성북구	3월	20	18	-	2	3	-	14	9,978	4,208	5,770	254,828	1	-	1	-	-
2017	성북구	4월	18	17	-	1	3	-	71	17,882	9,598	8,284	751,089	-	-	-	-	-
2017	성북구	5월	16	12	-	4	5	-	45	38,976	10,851	28,125	1,120,928	1	-	1	-	1
2017	성북구	6월	15	11	-	4	2	-	64	49,916	23,736	26,180	2,031,022	1	1	-	-	-
2017	성북구	7월	10	10	-	-	1	-	1	17,730	527	17,203	720,723	-	-	-	-	-
2017	성북구	8월	14	13	-	1	1	-	36	38,205	22,964	15,241	1,280,019	1	-	1	-	1
2017	성북구	9월	15	11	-	4	-	-	2	19,074	3,189	15,885	109,172	1	-	1	-	1
2017	성북구	10월	11	9	1	1	2	-	10.29	10,600	2,695	7,905	580,127	-	-	-	-	-
2017	성북구	11월	15	13	-	2	7	-	153	42,859	23,659	19,200	1,024,391	1	-	1	-	1
2017	성북구	12월	23	22	-	1	6	-	87	55,861	21,097	34,764	340,809	-	-	-	-	1
2017	강북구	계	186	173	4	9	75	-	651.97	339,146	134,341	204,805	11,134,148	6	-	6	-	8
2017	강북구	1월	14	13	1	-	7	-	28.25	26,769	3,676	23,093	558,523	-	-	-	-	-
2017	강북구	2월	14	13	-	1	9	-	338.45	147,356	54,183	93,173	327,171	-	-	-	-	2
2017	강북구	3월	11	10	1	-	6	-	8	7,223	2,769	4,454	123,611	-	-	-	-	-
2017	강북구	4월	9	8	-	1	3	-	3	5,985	2,242	3,743	157,273	1	-	1	-	-
2017	강북구	5월	15	15	-	-	9	-	88.15	25,178	12,564	12,614	435,390	1	-	1	-	2
2017	강북구	6월	14	13	-	1	2	-	5.41	4,710	524	4,186	191,369	1	-	1	-	-
2017	강북구	7월	17	15	-	2	7	-	11.6	9,524	3,339	6,185	806,208	-	-	-	-	-
2017	강북구	8월	10	9	-	1	2	-	52	17,482	10,317	7,165	91,024	-	-	-	-	-
2017	강북구	9월	24	23	-	1	7	-	12.36	4,063	1,344	2,719	598,990	-	-	-	-	3
2017	강북구	10월	17	16	1	-	5	-	51.75	57,838	27,813	30,025	5,538,528	1	-	1	-	1
2017	강북구	11월	18	17	-	1	7	-	21	14,824	4,409	10,415	1,724,092	1	-	1	-	-
2017	강북구	12월	23	21	1	1	11	-	32	18,194	11,161	7,033	581,969	1	-	1	-	-
2017	도봉구	계	192	176	8	8	12	2	2,267.1	288,836	76,077	212,759	8,438,906	8	2	6	3	5
2017	도봉구	1월	12	7	5	-	3	-	59.1	25,032	9,309	15,723	220,699	2	2	-	-	-
2017	도봉구	2월	10	8	1	1	2	-	43	30,849	13,567	17,282	901,499	1	-	1	-	-
2017	도봉구	3월	16	15	-	1	1	-	152	48,893	8,718	40,175	246,658	-	-	-	-	-
2017	도봉구	4월	16	14	-	2	1	1	130	31,986	6,658	25,328	1,423,149	2	-	2	1	-
2017	도봉구	5월	18	16	-	2	1	-	326	60,320	3,791	56,529	385,738	-	-	-	-	-
2017	도봉구	6월	15	14	-	1	1	1	1,465	12,498	3,628	8,870	1,699,669	2	-	2	2	2
2017	도봉구	7월	24	23	-	1	1	-	2	6,469	623	5,846	476,003	-	-	-	-	-
2017	도봉구	8월	20	19	1	-	-	-	46	40,328	18,395	21,933	2,550,278	1	-	1	-	2
2017	도봉구	9월	10	10	-	-	-	-	9	2,309	1,252	1,057	41,199	-	-	-	-	-
2017	도봉구	10월	22	22	-	-	1	-	20	19,606	4,824	14,782	312,251	-	-	-	-	-
2017	도봉구	11월	14	14	-	-	-	-	2	933	100	833	59,294	-	-	-	-	-
2017	도봉구	12월	15	14	1	-	1	-	13	9,613	5,212	4,401	122,469	-	-	-	-	1
2017	노원구	계	279	251	6	22	29	8	45,623.39	566,821	284,890	281,931	20,549,503	21	3	18	22	36
2017	노원구	1월	25	25	-	-	3	1	62	28,802	10,916	17,886	1,197,753	1	-	1	5	1
2017	노원구	2월	21	18	-	3	3	1	19	21,141	13,359	7,782	192,065	-	-	-	3	4
2017	노원구	3월	22	20	-	2	4	-	4,958	48,820	13,641	35,179	7,233,513	1	1	-	-	8
2017	노원구	4월	22	20	1	1	2	2	34.5	25,412	13,154	12,258	95,601	5	1	4	3	9
2017	노원구	5월	22	20	-	2	2	1	23	10,239	5,798	4,441	444,484	-	-	-	4	-
2017	노원구	6월	28	24	1	3	2	1	40,010	12,661	6,625	6,036	753,123	2	-	2	3	1
2017	노원구	7월	22	18	2	2	3	1	63.89	55,271	28,109	27,162	571,954	-	-	-	3	-
2017	노원구	8월	25	21	-	4	1	-	78	151,825	93,204	58,621	6,835,892	3	-	3	-	8
2017	노원구	9월	18	17	-	1	2	-	2	5,876	885	4,991	359,961	1	-	1	-	1
2017	노원구	10월	25	25	-	-	1	-	22	16,402	10,426	5,976	842,694	3	-	3	-	2
2017	노원구	11월	15	12	1	2	2	-	200	79,286	40,826	38,460	413,697	1	-	1	-	2
2017	노원구	12월	34	31	1	2	4	1	151	111,086	47,947	63,139	1,608,766	4	1	3	1	-
2017	은평구	계	159	125	2	32	15	2	416.33	218,200	100,299	117,901	1,686,664	3	-	3	3	16
2017	은평구	1월	22	19	-	3	-	-	19.3	19,750	10,541	9,209	-	-	-	-	-	3
2017	은평구	2월	16	11	-	5	3	-	87	64,124	12,009	52,115	-	-	-	-	-	-
2017	은평구	3월	13	10	2	1	1	-	20	8,712	6,288	2,424	-	-	-	-	-	-
2017	은평구	4월	17	12	-	5	1	1	15	14,390	5,700	8,690	-	-	-	-	1	-
2017	은평구	5월	15	12	-	3	-	-	16.14	4,349	2,438	1,911	5,976	-	-	-	-	-
2017	은평구	6월	13	11	-	2	-	-	3	4,155	696	3,459	-	1	-	1	-	-
2017	은평구	7월	14	11	-	3	1	-	41	30,184	13,895	16,289	932,367	-	-	-	-	1
2017	은평구	8월	5	4	-	1	-	-	22	8,293	1,292	7,001	76,217	-	-	-	-	-
2017	은평구	9월	13	11	-	2	-	1	46.5	24,038	18,171	5,867	106,840	2	-	2	2	12
2017	은평구	10월	8	7	-	1	-	-	1	6,309	5,016	1,293	116,040	-	-	-	-	-
2017	은평구	11월	10	6	-	4	9	-	142.39	24,674	17,303	7,371	331,211	-	-	-	-	-
2017	은평구	12월	13	11	-	2	-	-	3	9,222	6,950	2,272	118,013	-	-	-	-	-
2017	서대문구	계	232	215	6	11	13	4	736.38	397,573	181,371	216,202	9,809,621	16	1	15	10	12
2017	서대문구	1월	11	10	-	1	-	1	23.1	17,033	11,622	5,411	624,414	2	-	2	4	1
2017	서대문구	2월	13	9	-	4	2	-	64	25,954	9,218	16,736	832,898	-	-	-	-	-
2017	서대문구	3월	23	20	1	2	2	-	16	27,771	14,221	13,550	159,210	1	-	1	-	2
2017	서대문구	4월	18	18	-	-	3	1	103.48	56,089	20,006	36,083	384,522	2	1	1	1	1
2017	서대문구	5월	17	13	3	1	3	-	25	16,012	5,048	10,964	35,145	-	-	-	-	-
2017	서대문구	6월	21	21	-	-	3	-	57	26,791	11,316	15,475	826,271	1	-	1	-	1
2017	서대문구	7월	20	20	-	-	-	-	-	3,608	1,522	2,086	458,989	-	-	-	-	-
2017	서대문구	8월	28	26	-	2	-	-	66	47,636	15,112	32,524	2,468,616	3	-	3	-	-
2017	서대문구	9월	21	20	1	-	-	2	41	20,042	7,633	12,409	420,921	2	-	2	5	4
2017	서대문구	10월	24	22	1	1	-	-	252.8	115,033	69,410	45,623	1,495,488	1	-	1	-	2
2017	서대문구	11월	24	24	-	-	-	-	48	28,521	8,417	20,104	1,551,190	4	-	4	-	1
2017	서대문구	12월	12	12	-	-	-	-	40	13,083	7,846	5,237	551,957	-	-	-	-	-
2017	마포구	계	235	210	3	22	23	2	5,318.3	1,359,029	1,051,681	307,348	36,240,389	8	1	7	3	16
2017	마포구	1월	23	19	-	4	2	-	40.3	20,974	4,648	16,326	2,896,643	-	-	-	-	-
2017	마포구	2월	19	13	1	5	1	-	52	86,165	18,654	67,511	2,935,792	1	-	1	-	3
2017	마포구	3월	19	18	-	1	-	-	4,010	985,534	923,590	61,944	10,711,516	1	-	1	-	6
2017	마포구	4월	14	14	-	-	1	-	29	14,402	9,404	4,998	258,538	-	-	-	-	-
2017	마포구	5월	16	16	-	-	1	-	793	16,062	8,626	7,436	534,675	-	-	-	-	1
2017	마포구	6월	14	14	-	-	-	-	26	11,213	7,186	4,027	2,352,039	-	-	-	-	-
2017	마포구	7월	21	21	-	-	3	-	97	17,798	9,277	8,521	437,758	-	-	-	-	-
2017	마포구	8월	24	23	-	1	2	-	49	57,369	18,203	39,166	3,562,163	1	-	1	-	3
2017	마포구	9월	28	23	1	4	3	-	60	50,574	16,253	34,321	2,011,163	3	1	2	-	3
2017	마포구	10월	17	15	-	2	3	-	70	22,902	14,118	8,784	6,194,821	1	-	1	-	-
2017	마포구	11월	20	18	-	2	3	-	23	7,325	3,060	4,265	2,876,616	1	-	1	-	-
2017	마포구	12월	20	16	1	3	4	2	69	68,711	18,662	50,049	1,468,665	-	-	-	3	-
2017	양천구	계	244	227	7	10	15	-	890	300,631	110,271	190,360	13,705,813	7	-	7	-	71
2017	양천구	1월	18	18	-	-	-	-	16	2,529	844	1,685	1,022,997	-	-	-	-	-
2017	양천구	2월	19	16	1	2	1	-	15	7,808	5,205	2,603	1,802,356	1	-	1	-	1
2017	양천구	3월	21	19	1	1	-	-	23	16,481	6,852	9,629	230,331	3	-	3	-	2
2017	양천구	4월	20	19	-	1	4	-	70	75,003	6,441	68,562	147,832	-	-	-	-	6
2017	양천구	5월	21	19	1	1	2	-	18	6,628	3,105	3,523	766,778	-	-	-	-	2
2017	양천구	6월	25	24	1	-	1	-	337	5,676	1,917	3,759	129,833	-	-	-	-	-
2017	양천구	7월	28	24	1	3	1	-	62	21,342	11,928	9,414	6,525,117	1	-	1	-	1
2017	양천구	8월	14	14	-	-	-	-	-	937	309	628	109,323	-	-	-	-	3
2017	양천구	9월	19	18	1	-	1	-	16	6,342	3,417	2,925	551,779	-	-	-	-	3
2017	양천구	10월	19	18	-	1	1	-	222	76,326	38,646	37,680	966,280	1	-	1	-	51
2017	양천구	11월	24	23	-	1	4	-	105	76,065	29,699	46,366	639,009	-	-	-	-	-
2017	양천구	12월	16	15	1	-	-	-	6	5,494	1,908	3,586	814,178	1	-	1	-	2
2017	강서구	계	364	330	5	29	14	4	2,628.3	706,871	342,521	364,350	46,790,410	25	3	22	9	11
2017	강서구	1월	31	28	-	3	1	1	245.1	74,447	56,096	18,351	1,053,427	-	-	-	3	-
2017	강서구	2월	36	35	1	-	1	-	315	81,762	49,234	32,528	-	1	-	1	-	-
2017	강서구	3월	39	37	-	2	1	-	55	59,851	24,339	35,512	726,500	3	1	2	-	-
2017	강서구	4월	24	20	-	4	-	-	-	4,806	134	4,672	-	-	-	-	-	-
2017	강서구	5월	35	33	-	2	-	-	105.1	8,720	3,302	5,418	298,484	3	-	3	-	3
2017	강서구	6월	20	16	-	4	-	-	3	11,230	2,214	9,016	6,761,893	-	-	-	-	-
2017	강서구	7월	31	26	2	3	-	-	48	64,222	20,893	43,329	27,178	2	-	2	-	2
2017	강서구	8월	30	25	-	5	-	-	135	90,463	17,461	73,002	195,703	5	-	5	-	5
2017	강서구	9월	36	32	-	4	1	1	174.1	86,385	60,704	25,681	1,159,344	-	-	-	1	-
2017	강서구	10월	26	25	1	-	1	2	50	82,802	18,016	64,786	1,416,598	2	-	2	5	-
2017	강서구	11월	34	33	-	1	6	-	1,470	125,669	85,951	39,718	34,550,891	4	1	3	-	-
2017	강서구	12월	22	20	1	1	3	-	28	16,514	4,177	12,337	600,392	5	1	4	-	1
2017	구로구	계	260	238	3	19	28	-	1,515	460,568	112,488	348,080	16,904,367	6	1	5	-	44
2017	구로구	1월	19	15	1	3	1	-	20	63,882	8,263	55,619	6,571,742	-	-	-	-	3
2017	구로구	2월	18	14	1	3	4	-	26	20,373	6,398	13,975	1,741,803	1	-	1	-	1
2017	구로구	3월	28	26	-	2	5	-	28	10,561	3,465	7,096	985,809	-	-	-	-	-
2017	구로구	4월	22	20	-	2	3	-	78	18,419	9,703	8,716	214,265	-	-	-	-	1
2017	구로구	5월	24	24	-	-	2	-	13	18,213	5,576	12,637	3,522,768	-	-	-	-	29
2017	구로구	6월	23	22	-	1	2	-	1,006	25,319	9,667	15,652	488,380	1	-	1	-	1
2017	구로구	7월	20	18	-	2	-	-	9	12,407	1,391	11,016	822,370	-	-	-	-	-
2017	구로구	8월	28	27	-	1	3	-	104	154,471	16,174	138,297	1,297,187	-	-	-	-	2
2017	구로구	9월	17	17	-	-	3	-	54	39,413	15,279	24,134	111,246	1	-	1	-	4
2017	구로구	10월	25	22	1	2	2	-	27	29,791	15,130	14,661	856,808	2	1	1	-	3
2017	구로구	11월	19	18	-	1	3	-	34	50,726	15,642	35,084	96,194	1	-	1	-	-
2017	구로구	12월	17	15	-	2	-	-	116	16,993	5,800	11,193	195,795	-	-	-	-	-
2017	금천구	계	174	162	4	8	25	3	585	605,549	163,006	442,543	21,160,624	9	2	7	6	30
2017	금천구	1월	14	13	-	1	2	-	15	43,425	3,065	40,360	606,304	-	-	-	-	-
2017	금천구	2월	12	10	-	2	1	-	190	56,142	22,467	33,675	556,786	1	1	-	-	-
2017	금천구	3월	15	14	-	1	3	-	45	60,448	9,819	50,629	1,392,532	-	-	-	-	6
2017	금천구	4월	14	14	-	-	2	-	2	2,160	1,536	624	-	-	-	-	-	-
2017	금천구	5월	15	15	-	-	2	-	20	8,199	5,361	2,838	297,382	1	-	1	-	4
2017	금천구	6월	21	21	-	-	2	-	5	10,159	1,862	8,297	4,347	-	-	-	-	-
2017	금천구	7월	14	14	-	-	-	-	-	16,731	8,251	8,480	11,174,563	-	-	-	-	2
2017	금천구	8월	14	12	-	2	1	-	25	42,584	10,007	32,577	2,731,678	1	-	1	-	-
2017	금천구	9월	15	14	-	1	5	-	159	197,910	29,652	168,258	517,277	-	-	-	-	2
2017	금천구	10월	18	16	2	-	1	-	19	16,815	8,833	7,982	100,144	1	-	1	-	-
2017	금천구	11월	15	12	2	1	4	-	80	127,758	52,296	75,462	3,152,581	5	1	4	-	10
2017	금천구	12월	7	7	-	-	2	3	25	23,218	9,857	13,361	627,030	-	-	-	6	6
2017	영등포구	계	239	218	4	17	46	1	1,697	1,093,594	300,321	793,273	18,826,917	17	1	16	2	89
2017	영등포구	1월	22	20	-	2	8	-	359	233,054	42,171	190,883	188,342	2	-	2	-	1
2017	영등포구	2월	23	19	1	3	3	-	24	54,976	11,962	43,014	8,344,126	1	-	1	-	36
2017	영등포구	3월	18	17	-	1	6	-	600	321,170	129,259	191,911	131,954	3	-	3	-	-
2017	영등포구	4월	15	15	-	-	3	-	120	48,491	18,095	30,396	334,936	3	-	3	-	5
2017	영등포구	5월	23	21	-	2	1	-	142	57,681	15,639	42,042	456,223	-	-	-	-	-
2017	영등포구	6월	30	27	2	1	3	-	210	196,078	35,179	160,899	2,032,007	1	-	1	-	24
2017	영등포구	7월	19	17	1	1	-	-	4	5,772	1,434	4,338	22,765	-	-	-	-	2
2017	영등포구	8월	15	14	-	1	3	-	58	28,992	7,062	21,930	173,924	1	-	1	-	8
2017	영등포구	9월	22	20	-	2	5	1	16	43,256	6,623	36,633	480,879	1	-	1	2	4
2017	영등포구	10월	13	12	-	1	2	-	8	4,163	1,239	2,924	372,620	-	-	-	-	4
2017	영등포구	11월	19	16	-	3	8	-	110	44,448	13,547	30,901	5,842,554	3	-	3	-	5
2017	영등포구	12월	20	20	-	-	4	-	46	55,513	18,111	37,402	446,587	2	1	1	-	-
2017	동작구	계	222	206	6	10	26	1	499	277,144	128,070	149,074	88,183,705	13	3	10	1	25
2017	동작구	1월	11	10	-	1	4	-	21	8,003	6,057	1,946	718,846	1	-	1	-	1
2017	동작구	2월	6	5	1	-	1	-	131	54,028	27,441	26,587	406,130	2	1	1	-	12
2017	동작구	3월	29	26	-	3	2	1	90	45,055	21,469	23,586	11,639,911	1	-	1	1	1
2017	동작구	4월	12	11	-	1	1	-	6	2,350	1,052	1,298	73,543	-	-	-	-	-
2017	동작구	5월	20	16	2	2	3	-	38	40,816	13,335	27,481	700,309	4	1	3	-	3
2017	동작구	6월	22	21	1	-	3	-	10	7,452	2,065	5,387	10,770,162	1	-	1	-	-
2017	동작구	7월	22	22	-	-	4	-	17	17,437	14,097	3,340	2,041,216	-	-	-	-	3
2017	동작구	8월	20	20	-	-	1	-	15	10,272	4,873	5,399	15,853,260	-	-	-	-	-
2017	동작구	9월	18	15	1	2	1	-	22	20,129	9,216	10,913	1,359,512	3	-	3	-	2
2017	동작구	10월	25	24	-	1	2	-	25	24,097	9,387	14,710	42,840,753	-	-	-	-	1
2017	동작구	11월	20	20	-	-	1	-	12	18,888	5,446	13,442	766,093	-	-	-	-	1
2017	동작구	12월	17	16	1	-	3	-	112	28,617	13,632	14,985	1,013,970	1	1	-	-	1
2017	관악구	계	286	239	15	32	48	7	6,818.12	654,690	320,771	333,919	21,781,978	23	3	20	15	61
2017	관악구	1월	28	25	1	2	5	-	347	39,783	16,853	22,930	3,678,278	1	-	1	-	-
2017	관악구	2월	22	18	1	3	2	-	43	63,358	40,336	23,022	2,559,823	5	-	5	-	23
2017	관악구	3월	25	23	1	1	1	-	485	21,830	13,352	8,478	241,391	2	1	1	-	2
2017	관악구	4월	21	17	3	1	1	-	3,023	13,219	6,532	6,687	110,460	-	-	-	-	5
2017	관악구	5월	26	20	2	4	4	-	1,180	52,704	31,157	21,547	2,531,421	3	-	3	-	2
2017	관악구	6월	27	22	3	2	6	3	1,251.36	72,374	27,317	45,057	472,028	3	1	2	9	4
2017	관악구	7월	18	15	-	3	6	-	18	24,416	15,982	8,434	1,317,304	1	-	1	-	3
2017	관악구	8월	24	21	2	1	4	-	17	16,411	10,237	6,174	1,923,973	1	-	1	-	-
2017	관악구	9월	24	22	1	1	6	-	118	83,197	47,215	35,982	1,771,168	-	-	-	-	-
2017	관악구	10월	18	14	-	4	3	1	80	157,192	36,796	120,396	1,206,853	3	-	3	2	10
2017	관악구	11월	21	16	1	4	6	1	40	60,799	42,094	18,705	1,316,155	3	1	2	1	4
2017	관악구	12월	32	26	-	6	4	2	215.76	49,407	32,900	16,507	4,653,124	1	-	1	3	8
2017	서초구	계	242	220	2	20	3	-	4,190.3	695,667	284,206	411,461	213,125,779	15	2	13	-	4
2017	서초구	1월	28	28	-	-	-	-	35	40,484	7,591	32,893	3,313,720	-	-	-	-	-
2017	서초구	2월	14	13	-	1	-	-	84.5	49,569	4,877	44,692	186,666,488	1	-	1	-	-
2017	서초구	3월	29	28	-	1	-	-	10	22,048	6,963	15,085	1,496,523	1	-	1	-	-
2017	서초구	4월	20	18	-	2	-	-	2,014	30,901	9,909	20,992	11,343,822	1	-	1	-	-
2017	서초구	5월	22	19	-	3	-	-	25	32,599	12,111	20,488	2,188,238	-	-	-	-	-
2017	서초구	6월	17	15	2	-	-	-	58.5	130,528	35,076	95,452	2,680,119	3	2	1	-	2
2017	서초구	7월	16	15	-	1	-	-	33	24,542	1,328	23,214	182,554	1	-	1	-	-
2017	서초구	8월	18	18	-	-	-	-	21.1	13,174	4,165	9,009	317,879	1	-	1	-	-
2017	서초구	9월	15	12	-	3	-	-	52.2	34,537	12,456	22,081	684,474	2	-	2	-	2
2017	서초구	10월	19	16	-	3	-	-	40	23,917	7,262	16,655	598,996	-	-	-	-	-
2017	서초구	11월	21	20	-	1	-	-	802	191,399	126,539	64,860	3,358,407	3	-	3	-	-
2017	서초구	12월	23	18	-	5	3	-	1,015	101,969	55,929	46,040	294,559	2	-	2	-	-
2017	강남구	계	502	469	6	27	67	1	2,210	1,565,258	771,016	794,242	90,639,696	11	-	11	1	20
2017	강남구	1월	56	54	1	1	5	-	180	147,827	52,426	95,401	8,116,276	2	-	2	-	-
2017	강남구	2월	37	34	1	2	4	-	75	29,851	13,922	15,929	5,278,665	-	-	-	-	-
2017	강남구	3월	41	37	-	4	8	-	939	251,884	99,810	152,074	6,611,194	2	-	2	-	2
2017	강남구	4월	46	43	2	1	20	-	154	197,910	102,310	95,600	3,684,360	3	-	3	-	4
2017	강남구	5월	53	52	-	1	5	-	143	113,357	53,518	59,839	24,324,769	1	-	1	-	-
2017	강남구	6월	37	37	-	-	6	-	33	42,920	20,953	21,967	7,063,305	-	-	-	-	-
2017	강남구	7월	50	45	-	5	6	-	143	164,976	84,023	80,953	7,513,093	-	-	-	-	-
2017	강남구	8월	33	31	1	1	1	-	86	106,533	63,789	42,744	9,630,351	1	-	1	-	1
2017	강남구	9월	41	36	1	4	1	-	34	91,435	29,209	62,226	8,228,044	1	-	1	-	6
2017	강남구	10월	33	31	-	2	2	1	354	299,355	220,433	78,922	1,260,865	-	-	-	1	6
2017	강남구	11월	39	37	-	2	4	-	9	24,539	8,100	16,439	5,055,363	1	-	1	-	-
2017	강남구	12월	36	32	-	4	5	-	60	94,671	22,523	72,148	3,873,411	-	-	-	-	1
2017	송파구	계	318	280	7	31	36	5	1,079	639,227	250,145	389,082	9,309,331	16	3	13	10	149
2017	송파구	1월	33	29	2	2	4	-	115	51,744	14,737	37,007	962,725	-	-	-	-	-
2017	송파구	2월	35	32	-	3	3	-	77	48,951	27,704	21,247	482,080	1	-	1	-	-
2017	송파구	3월	27	23	2	2	-	-	5	29,384	10,228	19,156	391,138	3	1	2	-	2
2017	송파구	4월	22	16	2	4	3	-	309	54,131	9,669	44,462	1,035,020	-	-	-	-	-
2017	송파구	5월	25	25	-	-	-	-	-	31,470	1,029	30,441	299,340	-	-	-	-	1
2017	송파구	6월	22	18	-	4	8	1	238	59,343	39,329	20,014	592,468	2	-	2	2	113
2017	송파구	7월	27	25	-	2	1	-	20	29,045	16,239	12,806	967,156	-	-	-	-	-
2017	송파구	8월	25	21	-	4	2	-	33	25,297	11,296	14,001	1,243,110	1	-	1	-	5
2017	송파구	9월	24	20	-	4	3	1	17	13,492	6,200	7,292	1,027,487	2	-	2	3	11
2017	송파구	10월	33	29	1	3	3	-	20	35,311	17,504	17,807	865,740	4	1	3	-	17
2017	송파구	11월	19	18	-	1	3	1	14	20,888	8,157	12,731	823,063	-	-	-	3	-
2017	송파구	12월	26	24	-	2	6	2	231	240,171	88,053	152,118	620,004	3	1	2	2	-
2017	강동구	계	269	236	7	26	19	1	1,201.6	418,593	188,487	230,106	32,242,476	12	-	12	3	40
2017	강동구	1월	21	18	-	3	3	-	158	73,292	41,608	31,684	1,047,776	1	-	1	-	3
2017	강동구	2월	26	23	1	2	-	-	196	35,708	13,557	22,151	1,063,067	-	-	-	-	-
2017	강동구	3월	25	22	1	2	-	-	174	28,924	22,163	6,761	990,168	1	-	1	-	-
2017	강동구	4월	19	17	-	2	-	-	48.5	17,266	8,429	8,837	807,422	-	-	-	-	4
2017	강동구	5월	24	21	1	2	-	-	39.1	54,564	20,229	34,335	753,713	2	-	2	-	2
2017	강동구	6월	28	25	-	3	-	-	13	18,840	5,011	13,829	15,596,494	-	-	-	-	-
2017	강동구	7월	16	14	-	2	-	-	35	28,445	23,208	5,237	745,581	-	-	-	-	-
2017	강동구	8월	29	23	2	4	2	-	182	45,854	10,014	35,840	5,421,387	-	-	-	-	4
2017	강동구	9월	21	18	-	3	-	-	33	21,433	297	21,136	513,199	-	-	-	-	1
2017	강동구	10월	21	19	2	-	2	-	23	16,860	5,689	11,171	764,799	3	-	3	-	26
2017	강동구	11월	23	21	-	2	6	1	214	52,775	24,621	28,154	4,212,126	4	-	4	3	-
2017	강동구	12월	16	15	-	1	6	-	86	24,632	13,661	10,971	326,744	1	-	1	-	-