기간	지역	월별	발생	발생	발생	발생	소실	소실	소실	피해액	피해액	피해액	재산피해경감액	인명피해	인명피해	인명피해	이재민수	구조인원
기간	지역	월별	합계	실화	방화	기타	동수	이재가구수	면적	합계	부동산	동산	재산피해경감액	합계	사망	부상	이재민수	구조인원
2018	합계	계	6,368	5,662	167	539	1,033	177	27,007.52	21,239,984	5,478,877	15,761,107	606,988,371	360	53	307	360	911
2018	합계	1월	651	572	18	61	165	39	3,254.61	1,920,810	663,100	1,257,710	54,388,123	57	15	42	42	112
2018	합계	2월	533	467	13	53	150	18	4,593.09	1,841,395	694,234	1,147,161	185,446,777	25	5	20	46	90
2018	합계	3월	511	454	25	32	92	7	2,083.78	936,411	397,864	538,547	35,069,863	21	2	19	18	89
2018	합계	4월	528	463	12	53	91	14	2,513.7	764,546	309,386	455,160	36,065,002	15	3	12	34	55
2018	합계	5월	508	450	21	37	82	11	1,647.6	1,264,744	533,462	731,282	41,929,389	42	4	38	17	101
2018	합계	6월	482	436	14	32	63	11	1,651.7	710,403	245,533	464,870	11,534,574	41	3	38	33	68
2018	합계	7월	559	507	9	43	74	3	1,137.1	790,909	324,034	466,875	56,289,701	17	1	16	6	74
2018	합계	8월	616	561	9	46	76	7	1,040.7	1,034,940	487,048	547,892	59,381,903	31	-	31	56	64
2018	합계	9월	479	426	7	46	51	7	1,527.3	1,359,974	461,721	898,253	31,868,154	27	4	23	14	67
2018	합계	10월	505	457	13	35	58	28	870.5	708,518	316,128	392,390	42,606,998	20	1	19	39	51
2018	합계	11월	432	385	12	35	50	27	1,375.4	8,341,323	383,152	7,958,171	16,739,601	33	8	25	27	56
2018	합계	12월	564	484	14	66	81	5	5,312.04	1,566,011	663,215	902,796	35,668,286	31	7	24	28	84
2018	종로구	계	254	219	7	28	20	43	909.09	574,300	279,955	294,345	12,190,920	36	14	22	44	60
2018	종로구	1월	30	26	1	3	7	14	186	69,915	51,293	18,622	2,325,128	13	7	6	14	40
2018	종로구	2월	22	17	-	5	5	1	77.69	91,090	38,257	52,833	1,261,695	-	-	-	2	-
2018	종로구	3월	17	15	2	-	-	1	-	3,552	661	2,891	505,938	-	-	-	1	-
2018	종로구	4월	18	16	1	1	3	-	57	23,024	11,329	11,695	338,548	2	-	2	-	1
2018	종로구	5월	13	12	-	1	1	-	7	4,041	2,887	1,154	2,085,418	-	-	-	-	-
2018	종로구	6월	24	20	3	1	1	-	10	11,290	2,431	8,859	145,288	-	-	-	-	4
2018	종로구	7월	21	16	-	5	1	-	30	24,992	9,857	15,135	164,118	1	-	1	-	3
2018	종로구	8월	25	23	-	2	1	-	8	18,322	2,227	16,095	1,027,339	-	-	-	-	-
2018	종로구	9월	23	20	-	3	1	-	39	85,611	11,184	74,427	646,001	-	-	-	-	-
2018	종로구	10월	21	19	-	2	-	-	83	76,833	38,634	38,199	495,777	-	-	-	-	-
2018	종로구	11월	21	18	-	3	-	27	304.4	124,216	80,236	43,980	1,626,915	19	7	12	27	12
2018	종로구	12월	19	17	-	2	-	-	107	41,414	30,959	10,455	1,568,755	1	-	1	-	-
2018	중구	계	275	244	7	24	63	8	1,424.61	1,257,005	558,830	698,175	45,635,102	23	-	23	19	44
2018	중구	1월	25	21	-	4	6	-	233.07	69,384	18,728	50,656	674,247	3	-	3	-	12
2018	중구	2월	22	18	1	3	27	-	516	326,950	122,184	204,766	1,819,347	-	-	-	2	2
2018	중구	3월	26	24	-	2	6	-	74	28,713	13,779	14,934	1,284,000	1	-	1	-	3
2018	중구	4월	17	16	-	1	1	8	76	81,207	19,797	61,410	1,028,533	-	-	-	17	-
2018	중구	5월	24	22	1	1	4	-	59	159,337	136,153	23,184	312,909	16	-	16	-	6
2018	중구	6월	22	20	2	-	3	-	58.8	90,558	24,944	65,614	98,711	-	-	-	-	2
2018	중구	7월	29	27	-	2	2	-	27	13,499	5,905	7,594	30,728,290	-	-	-	-	2
2018	중구	8월	23	21	-	2	3	-	23	102,046	77,488	24,558	3,799,170	1	-	1	-	-
2018	중구	9월	18	16	-	2	1	-	28	40,615	14,244	26,371	607,307	-	-	-	-	2
2018	중구	10월	18	18	-	-	1	-	-	3,026	55	2,971	224,564	-	-	-	-	-
2018	중구	11월	22	18	3	1	3	-	179	224,945	60,588	164,357	2,246,212	2	-	2	-	12
2018	중구	12월	29	23	-	6	6	-	150.74	116,725	64,965	51,760	2,811,812	-	-	-	-	3
2018	용산구	계	211	165	5	41	21	1	405	394,903	123,288	271,615	25,313,037	7	1	6	1	15
2018	용산구	1월	20	15	-	5	-	-	15	63,043	7,023	56,020	9,887,132	1	-	1	-	2
2018	용산구	2월	25	19	1	5	6	1	78	43,860	17,285	26,575	1,495,482	1	-	1	1	1
2018	용산구	3월	18	11	2	5	5	-	132	66,500	40,270	26,230	674,078	1	-	1	-	3
2018	용산구	4월	22	15	-	7	3	-	36	30,292	10,040	20,252	272,758	-	-	-	-	-
2018	용산구	5월	17	16	-	1	-	-	-	3,665	500	3,165	18,180	-	-	-	-	-
2018	용산구	6월	18	14	-	4	1	-	28	29,846	7,445	22,401	2,305,506	2	1	1	-	3
2018	용산구	7월	18	15	-	3	1	-	15	13,937	3,034	10,903	6,145,023	-	-	-	-	-
2018	용산구	8월	14	11	-	3	2	-	55	44,171	13,554	30,617	544,457	-	-	-	-	-
2018	용산구	9월	14	12	-	2	1	-	5	37,459	1,757	35,702	86,220	-	-	-	-	-
2018	용산구	10월	16	12	-	4	1	-	17	18,610	5,000	13,610	166,624	2	-	2	-	5
2018	용산구	11월	15	14	1	-	1	-	21	32,554	14,821	17,733	151,963	-	-	-	-	1
2018	용산구	12월	14	11	1	2	-	-	3	10,966	2,559	8,407	3,565,614	-	-	-	-	-
2018	성동구	계	212	186	1	25	40	2	580.18	616,085	162,939	453,146	5,379,167	12	-	12	3	18
2018	성동구	1월	24	19	-	5	7	-	16.5	88,258	14,758	73,500	2,417,409	3	-	3	-	-
2018	성동구	2월	20	18	-	2	9	-	67	67,773	18,386	49,387	617,746	2	-	2	-	-
2018	성동구	3월	16	15	-	1	4	1	63.38	44,785	13,154	31,631	107,919	1	-	1	1	-
2018	성동구	4월	16	14	-	2	1	-	30	36,988	9,283	27,705	45,961	1	-	1	-	-
2018	성동구	5월	24	20	1	3	6	-	110	122,813	24,818	97,995	501,272	1	-	1	-	1
2018	성동구	6월	12	12	-	-	-	-	1	5,424	1,880	3,544	9,188	2	-	2	-	-
2018	성동구	7월	17	15	-	2	-	-	-	7,737	254	7,483	5,434	-	-	-	-	-
2018	성동구	8월	18	15	-	3	1	-	6	9,339	824	8,515	22,957	-	-	-	-	2
2018	성동구	9월	14	14	-	-	2	1	49	60,065	26,265	33,800	1,424,938	-	-	-	2	-
2018	성동구	10월	24	23	-	1	3	-	64.5	72,091	26,220	45,871	89,555	-	-	-	-	1
2018	성동구	11월	13	11	-	2	2	-	34	31,934	6,697	25,237	65,377	-	-	-	-	-
2018	성동구	12월	14	10	-	4	5	-	138.8	68,878	20,400	48,478	71,411	2	-	2	-	14
2018	광진구	계	203	175	2	26	30	-	1,064	658,185	315,690	342,495	12,607,354	7	-	7	-	53
2018	광진구	1월	17	15	-	2	3	-	537	110,887	65,239	45,648	1,393,659	3	-	3	-	2
2018	광진구	2월	16	12	-	4	9	-	74	116,855	71,638	45,217	845,161	-	-	-	-	1
2018	광진구	3월	17	17	-	-	5	-	25	25,361	15,135	10,226	4,006,972	-	-	-	-	8
2018	광진구	4월	12	9	-	3	2	-	42	16,637	11,193	5,444	929,534	-	-	-	-	5
2018	광진구	5월	22	19	1	2	2	-	84	56,992	43,053	13,939	1,000,852	1	-	1	-	15
2018	광진구	6월	10	10	-	-	-	-	1	2,643	1,548	1,095	65,900	-	-	-	-	1
2018	광진구	7월	23	23	-	-	-	-	6	5,975	2,338	3,637	492,635	-	-	-	-	2
2018	광진구	8월	20	16	-	4	1	-	10	44,905	5,509	39,396	177,643	-	-	-	-	-
2018	광진구	9월	21	18	1	2	-	-	59	40,253	25,188	15,065	967,212	1	-	1	-	10
2018	광진구	10월	17	12	-	5	1	-	112.5	76,893	39,141	37,752	1,439,784	2	-	2	-	2
2018	광진구	11월	9	8	-	1	3	-	23	10,079	3,951	6,128	212,297	-	-	-	-	2
2018	광진구	12월	19	16	-	3	4	-	90.5	150,705	31,757	118,948	1,075,705	-	-	-	-	5
2018	동대문구	계	203	175	4	24	93	-	1,274.5	709,487	179,873	529,614	9,457,804	4	1	3	-	61
2018	동대문구	1월	24	21	-	3	36	-	622.5	386,794	71,015	315,779	2,826,854	-	-	-	-	2
2018	동대문구	2월	15	11	1	3	4	-	50	30,269	6,994	23,275	706,441	-	-	-	-	3
2018	동대문구	3월	19	17	-	2	7	-	149	73,499	15,388	58,111	1,708,888	1	-	1	-	1
2018	동대문구	4월	20	17	-	3	8	-	13	9,191	2,366	6,825	706,696	-	-	-	-	15
2018	동대문구	5월	14	13	-	1	3	-	41	26,268	6,993	19,275	1,838,480	1	1	-	-	2
2018	동대문구	6월	13	12	-	1	2	-	6	4,839	1,161	3,678	324,370	-	-	-	-	7
2018	동대문구	7월	24	23	-	1	11	-	103	55,347	28,467	26,880	721,805	-	-	-	-	12
2018	동대문구	8월	19	14	2	3	3	-	19	12,249	6,000	6,249	162,281	1	-	1	-	3
2018	동대문구	9월	10	8	1	1	5	-	95	23,013	11,102	11,911	60,226	1	-	1	-	3
2018	동대문구	10월	21	17	-	4	8	-	90	56,176	18,729	37,447	96,607	-	-	-	-	6
2018	동대문구	11월	7	6	-	1	2	-	43	12,873	6,453	6,420	138,249	-	-	-	-	1
2018	동대문구	12월	17	16	-	1	4	-	43	18,969	5,205	13,764	166,907	-	-	-	-	6
2018	중랑구	계	254	235	4	15	25	-	893.38	201,421	103,281	98,140	11,622,135	10	2	8	-	67
2018	중랑구	1월	27	22	1	4	8	-	85	51,876	27,363	24,513	247,093	3	-	3	-	5
2018	중랑구	2월	16	15	-	1	2	-	14	15,156	8,416	6,740	100,422	-	-	-	-	1
2018	중랑구	3월	21	19	1	1	2	-	29.38	30,106	22,257	7,849	38,105	1	1	-	-	29
2018	중랑구	4월	21	19	-	2	1	-	6	3,590	947	2,643	6,704,807	1	-	1	-	2
2018	중랑구	5월	24	23	-	1	1	-	31	31,289	13,909	17,380	142,696	1	-	1	-	6
2018	중랑구	6월	18	17	-	1	3	-	510	14,963	6,185	8,778	127,290	-	-	-	-	3
2018	중랑구	7월	22	21	-	1	4	-	21	14,458	6,013	8,445	780,943	1	-	1	-	1
2018	중랑구	8월	15	15	-	-	-	-	3	6,105	3,515	2,590	2,280,909	-	-	-	-	3
2018	중랑구	9월	16	14	-	2	2	-	9	5,597	1,128	4,469	128,082	1	-	1	-	2
2018	중랑구	10월	27	26	1	-	-	-	3	9,953	1,020	8,933	240,347	-	-	-	-	1
2018	중랑구	11월	18	18	-	-	-	-	-	1,617	215	1,402	205,474	-	-	-	-	5
2018	중랑구	12월	29	26	1	2	2	-	182	16,711	12,313	4,398	625,967	2	1	1	-	9
2018	성북구	계	215	183	5	27	40	6	898.3	487,565	184,258	303,307	15,690,182	10	-	10	20	22
2018	성북구	1월	19	15	1	3	5	-	7.5	11,294	1,810	9,484	549,192	2	-	2	-	4
2018	성북구	2월	22	20	1	1	4	-	16	15,408	5,128	10,280	605,979	-	-	-	-	-
2018	성북구	3월	21	20	-	1	5	-	49	20,713	12,719	7,994	1,761,948	1	-	1	-	2
2018	성북구	4월	11	9	-	2	2	-	11	4,018	1,798	2,220	158,556	-	-	-	-	1
2018	성북구	5월	18	17	-	1	3	-	36	80,744	27,639	53,105	1,063,011	-	-	-	-	-
2018	성북구	6월	20	15	1	4	8	3	58	21,134	13,505	7,629	974,833	4	-	4	11	8
2018	성북구	7월	16	15	1	-	1	-	2	1,576	535	1,041	376,806	-	-	-	-	1
2018	성북구	8월	25	22	-	3	7	3	209.8	160,821	64,269	96,552	9,577,722	3	-	3	9	2
2018	성북구	9월	15	11	-	4	1	-	350	114,504	45,049	69,455	273,962	-	-	-	-	-
2018	성북구	10월	13	9	1	3	3	-	30	12,709	4,196	8,513	282,354	-	-	-	-	1
2018	성북구	11월	16	15	-	1	-	-	-	1,300	103	1,197	22,463	-	-	-	-	1
2018	성북구	12월	19	15	-	4	1	-	129	43,344	7,507	35,837	43,356	-	-	-	-	2
2018	강북구	계	203	180	4	19	29	1	210.9	216,838	104,658	112,180	9,596,171	6	4	2	3	11
2018	강북구	1월	27	24	1	2	4	-	13	13,590	8,732	4,858	463,777	1	-	1	-	3
2018	강북구	2월	17	16	-	1	3	-	4.5	4,215	1,978	2,237	574,831	-	-	-	-	-
2018	강북구	3월	16	13	2	1	2	-	8.3	7,632	4,282	3,350	355,925	-	-	-	-	1
2018	강북구	4월	16	14	-	2	1	-	37.9	35,838	12,591	23,247	1,646,186	-	-	-	-	-
2018	강북구	5월	20	18	-	2	5	-	20	26,676	14,301	12,375	526,812	2	2	-	-	1
2018	강북구	6월	13	13	-	-	2	1	45	23,218	17,583	5,635	206,753	2	1	1	3	-
2018	강북구	7월	12	10	-	2	1	-	21.6	16,961	12,723	4,238	145,649	-	-	-	-	-
2018	강북구	8월	17	15	-	2	1	-	-	3,958	776	3,182	200,825	-	-	-	-	-
2018	강북구	9월	15	12	-	3	1	-	3.3	9,494	2,648	6,846	934,392	-	-	-	-	1
2018	강북구	10월	17	16	1	-	3	-	25	10,304	7,206	3,098	162,582	-	-	-	-	4
2018	강북구	11월	13	12	-	1	2	-	3	2,336	729	1,607	115,612	-	-	-	-	-
2018	강북구	12월	20	17	-	3	4	-	29.3	62,616	21,109	41,507	4,262,827	1	1	-	-	1
2018	도봉구	계	237	217	3	17	18	8	346	201,498	85,113	116,385	9,832,652	8	-	8	24	11
2018	도봉구	1월	23	21	1	1	1	-	20	19,915	6,025	13,890	1,805,058	1	-	1	-	-
2018	도봉구	2월	23	22	-	1	1	1	3	4,261	1,326	2,935	1,885,684	-	-	-	3	2
2018	도봉구	3월	17	15	-	2	2	-	71	19,114	5,584	13,530	556,977	2	-	2	-	2
2018	도봉구	4월	15	14	-	1	2	2	43	24,006	12,807	11,199	2,708,020	-	-	-	9	1
2018	도봉구	5월	23	22	-	1	6	1	53	26,801	10,232	16,569	445,488	4	-	4	4	6
2018	도봉구	6월	14	14	-	-	2	-	17	5,096	2,558	2,538	284,330	-	-	-	1	-
2018	도봉구	7월	21	19	-	2	-	-	5	2,335	405	1,930	678,546	-	-	-	-	-
2018	도봉구	8월	27	26	-	1	2	1	57	26,958	10,824	16,134	437,485	-	-	-	1	-
2018	도봉구	9월	20	19	-	1	-	-	-	10,970	4,232	6,738	251,030	-	-	-	-	-
2018	도봉구	10월	18	15	2	1	1	-	-	2,543	-	2,543	2,697	1	-	1	-	-
2018	도봉구	11월	16	14	-	2	-	-	30	16,615	10,842	5,773	383,694	-	-	-	-	-
2018	도봉구	12월	20	16	-	4	1	3	47	42,884	20,278	22,606	393,643	-	-	-	6	-
2018	노원구	계	229	200	11	18	15	5	1,299	331,000	105,994	225,006	6,840,069	12	2	10	12	37
2018	노원구	1월	16	15	-	1	-	-	10	6,931	1,332	5,599	1,317,741	-	-	-	-	-
2018	노원구	2월	20	16	1	3	1	2	115	65,570	25,838	39,732	1,376,955	1	-	1	6	4
2018	노원구	3월	24	18	4	2	1	-	1	12,636	2,316	10,320	686,126	1	-	1	-	4
2018	노원구	4월	19	15	2	2	2	-	6	8,863	2,219	6,644	917,318	-	-	-	-	5
2018	노원구	5월	23	20	-	3	3	-	35	14,998	5,848	9,150	195,290	1	-	1	-	3
2018	노원구	6월	11	11	-	-	-	-	46	5,809	1,050	4,759	14,942	-	-	-	-	-
2018	노원구	7월	20	19	-	1	2	-	14	45,687	13,375	32,312	397,954	1	-	1	-	-
2018	노원구	8월	22	20	-	2	1	-	18	61,166	14,139	47,027	195,290	1	-	1	-	11
2018	노원구	9월	18	15	1	2	1	2	45	42,585	24,224	18,361	424,752	4	1	3	3	9
2018	노원구	10월	20	19	-	1	3	1	6	28,216	5,133	23,083	232,451	-	-	-	3	1
2018	노원구	11월	18	16	1	1	1	-	8	8,022	2,861	5,161	714,457	-	-	-	-	-
2018	노원구	12월	18	16	2	-	-	-	995	30,517	7,659	22,858	366,793	3	1	2	-	-
2018	은평구	계	214	184	4	26	12	2	871.5	419,503	217,662	201,841	6,622,784	15	5	10	5	17
2018	은평구	1월	21	18	-	3	3	2	189	114,011	65,832	48,179	292,180	6	5	1	5	5
2018	은평구	2월	14	12	-	2	-	-	138.4	47,660	18,189	29,471	503,953	1	-	1	-	-
2018	은평구	3월	10	7	1	2	-	-	-	11,889	6,838	5,051	217,687	-	-	-	-	-
2018	은평구	4월	20	18	-	2	-	-	7	13,250	6,861	6,389	187,558	-	-	-	-	3
2018	은평구	5월	19	17	-	2	1	-	130	77,828	36,699	41,129	3,609,518	-	-	-	-	1
2018	은평구	6월	18	12	2	4	1	-	256	35,156	24,891	10,265	52,356	3	-	3	-	2
2018	은평구	7월	13	12	-	1	1	-	-	12,212	8,707	3,505	208,520	-	-	-	-	5
2018	은평구	8월	16	15	-	1	-	-	5	6,216	4,779	1,437	224,312	-	-	-	-	-
2018	은평구	9월	24	20	-	4	-	-	91	69,837	31,715	38,122	489,877	1	-	1	-	-
2018	은평구	10월	17	14	1	2	-	-	4.5	11,784	2,970	8,814	152,384	-	-	-	-	-
2018	은평구	11월	19	18	-	1	1	-	3	2,054	1,204	850	274,098	-	-	-	-	-
2018	은평구	12월	23	21	-	2	5	-	47.6	17,606	8,977	8,629	410,341	4	-	4	-	1
2018	서대문구	계	229	210	11	8	22	2	638.96	7,877,501	236,471	7,641,030	170,875,389	13	4	9	61	25
2018	서대문구	1월	20	19	1	-	-	1	33.54	29,075	9,252	19,823	609,861	3	-	3	1	4
2018	서대문구	2월	17	15	2	-	3	-	111	65,851	48,067	17,784	149,895,905	2	1	1	-	4
2018	서대문구	3월	10	10	-	-	-	-	125.42	103,137	80,967	22,170	1,229,232	-	-	-	-	-
2018	서대문구	4월	19	16	2	1	8	-	27	47,988	21,876	26,112	3,130,720	-	-	-	-	2
2018	서대문구	5월	16	14	1	1	-	-	2	13,020	2,121	10,899	45,767	-	-	-	-	2
2018	서대문구	6월	23	21	1	1	1	1	77	14,075	4,231	9,844	591,935	1	-	1	2	8
2018	서대문구	7월	19	18	-	1	1	-	18	4,149	2,153	1,996	328,861	-	-	-	-	-
2018	서대문구	8월	27	25	1	1	2	-	41	21,693	5,643	16,050	2,750,395	2	-	2	38	3
2018	서대문구	9월	21	20	1	-	4	-	20	27,036	10,389	16,647	6,332,033	2	2	-	-	-
2018	서대문구	10월	26	25	1	-	1	-	13	11,741	5,026	6,715	233,739	1	-	1	-	1
2018	서대문구	11월	18	15	-	3	1	-	150	7,524,929	35,996	7,488,933	2,665,116	-	-	-	-	1
2018	서대문구	12월	13	12	1	-	1	-	21	14,807	10,750	4,057	3,061,825	2	1	1	20	-
2018	마포구	계	254	237	2	15	56	-	725	282,984	132,459	150,525	12,091,647	6	2	4	-	23
2018	마포구	1월	31	29	-	2	2	-	81	38,238	20,373	17,865	2,744,861	-	-	-	-	-
2018	마포구	2월	18	16	-	2	7	-	73	62,488	24,493	37,995	849,938	2	2	-	-	1
2018	마포구	3월	18	16	-	2	5	-	143	13,601	6,868	6,733	557,094	-	-	-	-	4
2018	마포구	4월	26	25	-	1	4	-	108.3	12,773	7,015	5,758	1,498,841	-	-	-	-	1
2018	마포구	5월	22	20	1	1	6	-	48.3	11,742	6,082	5,660	389,021	-	-	-	-	2
2018	마포구	6월	15	15	-	-	4	-	9	10,652	6,720	3,932	135,103	-	-	-	-	6
2018	마포구	7월	28	26	-	2	7	-	101	29,071	21,893	7,178	600,524	-	-	-	-	5
2018	마포구	8월	28	26	-	2	9	-	65.4	25,851	9,131	16,720	593,766	-	-	-	-	-
2018	마포구	9월	19	18	-	1	3	-	23	24,407	4,475	19,932	108,884	1	-	1	-	1
2018	마포구	10월	12	11	1	-	1	-	3	3,189	1,547	1,642	2,740,338	1	-	1	-	1
2018	마포구	11월	15	14	-	1	6	-	51	35,747	17,018	18,729	984,516	-	-	-	-	2
2018	마포구	12월	22	21	-	1	2	-	19	15,225	6,844	8,381	888,761	2	-	2	-	-
2018	양천구	계	219	204	4	11	15	1	388.3	357,569	136,819	220,750	24,451,853	12	1	11	2	33
2018	양천구	1월	12	10	1	1	-	-	30	32,302	11,530	20,772	595,448	-	-	-	-	1
2018	양천구	2월	14	11	-	3	3	-	86	69,224	39,450	29,774	2,750,587	1	-	1	-	19
2018	양천구	3월	14	14	-	-	1	1	23.3	13,868	10,261	3,607	1,112,783	-	-	-	2	-
2018	양천구	4월	24	23	1	-	1	-	17	13,246	5,506	7,740	812,672	1	1	-	-	1
2018	양천구	5월	18	14	2	2	-	-	3	14,288	2,168	12,120	326,704	-	-	-	-	-
2018	양천구	6월	18	18	-	-	-	-	1	1,706	287	1,419	121,175	3	-	3	-	-
2018	양천구	7월	19	19	-	-	1	-	-	3,523	1,321	2,202	1,162,411	-	-	-	-	1
2018	양천구	8월	24	23	-	1	2	-	17	14,362	7,622	6,740	6,729,660	2	-	2	-	3
2018	양천구	9월	16	15	-	1	-	-	45	31,594	15,817	15,777	535,828	1	-	1	-	-
2018	양천구	10월	19	19	-	-	1	-	23	27,701	11,487	16,214	9,942,053	1	-	1	-	1
2018	양천구	11월	28	27	-	1	3	-	34	47,792	15,904	31,888	161,677	3	-	3	-	5
2018	양천구	12월	13	11	-	2	3	-	109	87,963	15,466	72,497	200,855	-	-	-	-	2
2018	강서구	계	383	347	12	24	13	16	1,061.8	393,401	196,115	197,286	20,303,007	20	2	18	25	13
2018	강서구	1월	41	38	3	-	4	-	297	73,226	31,662	41,564	1,191,957	3	1	2	-	3
2018	강서구	2월	26	22	1	3	2	1	35	44,081	16,936	27,145	974,989	3	-	3	3	1
2018	강서구	3월	27	25	1	1	-	-	5	4,986	2,762	2,224	161,589	-	-	-	-	1
2018	강서구	4월	41	34	1	6	-	-	3	17,153	7,315	9,838	301,356	1	-	1	-	-
2018	강서구	5월	32	27	4	1	3	2	51	23,312	10,109	13,203	811,293	3	-	3	2	-
2018	강서구	6월	32	27	-	5	1	-	41	38,704	13,298	25,406	447,404	1	-	1	-	-
2018	강서구	7월	36	34	1	1	-	-	30.2	49,123	17,046	32,077	2,199,389	4	1	3	-	4
2018	강서구	8월	41	39	-	2	1	-	13.5	66,842	52,044	14,798	3,726,832	3	-	3	-	2
2018	강서구	9월	30	28	-	2	1	-	47	34,329	26,485	7,844	4,916,047	-	-	-	-	2
2018	강서구	10월	28	26	-	2	1	13	9	10,171	4,974	5,197	547,482	-	-	-	20	-
2018	강서구	11월	22	22	-	-	-	-	9	14,350	7,230	7,120	514,469	1	-	1	-	-
2018	강서구	12월	27	25	1	1	-	-	521.1	17,124	6,254	10,870	4,510,200	1	-	1	-	-
2018	구로구	계	263	238	11	14	17	-	357.8	239,327	74,308	165,019	14,988,322	5	2	3	-	31
2018	구로구	1월	23	22	-	1	1	-	4	16,884	3,818	13,066	1,166,260	-	-	-	-	1
2018	구로구	2월	16	16	-	-	3	-	37	41,941	7,688	34,253	2,264,256	2	1	1	-	1
2018	구로구	3월	27	23	3	1	6	-	104	55,502	21,786	33,716	1,875,251	-	-	-	-	-
2018	구로구	4월	21	16	3	2	-	-	1	13,437	6,830	6,607	676,250	-	-	-	-	-
2018	구로구	5월	15	12	1	2	2	-	19	15,089	3,450	11,639	1,603,261	-	-	-	-	3
2018	구로구	6월	17	17	-	-	-	-	33	14,544	5,628	8,916	440,636	-	-	-	-	-
2018	구로구	7월	30	26	1	3	-	-	49.8	20,993	7,536	13,457	1,296,745	1	-	1	-	3
2018	구로구	8월	24	24	-	-	-	-	33	3,626	675	2,951	324,667	-	-	-	-	6
2018	구로구	9월	27	26	-	1	-	-	5	7,957	346	7,611	1,120,565	-	-	-	-	1
2018	구로구	10월	25	23	1	1	1	-	10	9,026	2,300	6,726	149,130	2	1	1	-	9
2018	구로구	11월	14	12	1	1	-	-	7	3,672	2,070	1,602	1,343,582	-	-	-	-	1
2018	구로구	12월	24	21	1	2	4	-	55	36,656	12,181	24,475	2,727,719	-	-	-	-	6
2018	금천구	계	168	158	3	7	7	1	476	203,806	55,351	148,455	19,353,917	8	-	8	2	37
2018	금천구	1월	16	16	-	-	-	-	-	10,598	-	10,598	11,559,391	-	-	-	-	-
2018	금천구	2월	6	5	1	-	1	-	5	3,078	997	2,081	141,932	-	-	-	-	-
2018	금천구	3월	16	16	-	-	-	-	20	7,938	1,499	6,439	3,323,329	-	-	-	-	-
2018	금천구	4월	15	14	-	1	1	-	45	11,201	4,709	6,492	330,830	1	-	1	-	-
2018	금천구	5월	7	5	1	1	1	1	220	78,078	16,092	61,986	624,058	1	-	1	2	23
2018	금천구	6월	21	19	-	2	2	-	60	16,419	9,057	7,362	326,314	3	-	3	-	3
2018	금천구	7월	16	15	1	-	-	-	16	17,258	3,999	13,259	1,362,670	-	-	-	-	1
2018	금천구	8월	20	19	-	1	-	-	-	3,327	951	2,376	56,597	-	-	-	-	7
2018	금천구	9월	13	12	-	1	-	-	20	10,898	2,657	8,241	61,309	-	-	-	-	-
2018	금천구	10월	14	14	-	-	-	-	23	9,141	1,742	7,399	1,000,697	1	-	1	-	-
2018	금천구	11월	15	15	-	-	2	-	65	27,571	10,986	16,585	397,055	2	-	2	-	3
2018	금천구	12월	9	8	-	1	-	-	2	8,299	2,662	5,637	169,735	-	-	-	-	-
2018	영등포구	계	258	217	11	30	42	25	1,124	704,193	228,065	476,128	27,191,823	27	4	23	34	41
2018	영등포구	1월	25	22	1	2	17	21	420	171,911	73,598	98,313	321,871	10	1	9	21	9
2018	영등포구	2월	24	20	2	2	1	-	136	22,630	10,326	12,304	236,680	-	-	-	-	-
2018	영등포구	3월	26	25	1	-	5	-	31	30,657	6,835	23,822	9,803,069	2	-	2	-	4
2018	영등포구	4월	20	16	-	4	6	-	63	22,003	13,075	8,928	560,806	1	-	1	-	10
2018	영등포구	5월	18	15	2	1	3	-	50	36,614	6,283	30,331	10,528,339	1	1	-	-	1
2018	영등포구	6월	17	12	1	4	4	3	47	34,743	14,767	19,976	1,174,754	3	1	2	10	4
2018	영등포구	7월	15	11	-	4	1	-	5	16,386	5,701	10,685	909,681	-	-	-	-	1
2018	영등포구	8월	26	22	1	3	2	-	19	17,958	3,694	14,264	2,165,220	3	-	3	-	5
2018	영등포구	9월	17	15	-	2	-	-	237	270,163	56,343	213,820	1,205,338	4	-	4	-	2
2018	영등포구	10월	17	15	-	2	1	1	7	36,198	26,532	9,666	60,351	-	-	-	3	-
2018	영등포구	11월	25	21	1	3	-	-	5	5,980	1,331	4,649	45,596	-	-	-	-	3
2018	영등포구	12월	28	23	2	3	2	-	104	38,950	9,580	29,370	180,118	3	1	2	-	2
2018	동작구	계	205	186	7	12	21	17	359	312,925	103,520	209,405	7,302,184	13	4	9	19	15
2018	동작구	1월	14	12	1	1	2	-	7	7,281	3,698	3,583	447,841	1	1	-	-	-
2018	동작구	2월	28	25	1	2	4	-	209	173,622	35,454	138,168	1,910,434	3	1	2	-	2
2018	동작구	3월	8	7	1	-	1	-	3	6,170	2,649	3,521	220,729	2	1	1	-	-
2018	동작구	4월	16	16	-	-	2	-	15	5,657	2,498	3,159	694,844	-	-	-	-	-
2018	동작구	5월	21	18	2	1	1	5	10	19,380	11,472	7,908	1,403,254	3	-	3	7	7
2018	동작구	6월	19	19	-	-	1	-	8	5,397	3,198	2,199	536,934	-	-	-	-	-
2018	동작구	7월	18	17	-	1	1	-	1	3,451	1,425	2,026	168,482	-	-	-	-	-
2018	동작구	8월	21	20	1	-	3	-	32	23,049	9,834	13,215	293,853	-	-	-	-	2
2018	동작구	9월	23	20	1	2	4	-	16	43,815	14,618	29,197	466,037	1	1	-	-	2
2018	동작구	10월	14	13	-	1	1	12	10	12,919	9,511	3,408	44,177	3	-	3	12	1
2018	동작구	11월	8	7	-	1	-	-	-	2,220	279	1,941	577,301	-	-	-	-	-
2018	동작구	12월	15	12	-	3	1	-	48	9,964	8,884	1,080	538,298	-	-	-	-	1
2018	관악구	계	337	295	15	27	109	11	1,771.8	816,562	395,475	421,087	9,952,527	21	1	20	21	53
2018	관악구	1월	38	31	2	5	15	-	184	198,338	45,398	152,940	1,237,902	-	-	-	-	1
2018	관악구	2월	24	23	-	1	5	-	114.5	76,318	25,038	51,280	757,417	-	-	-	-	2
2018	관악구	3월	28	24	4	-	6	-	726	12,332	6,005	6,327	684,422	2	-	2	-	2
2018	관악구	4월	31	25	2	4	9	2	50.5	27,816	13,300	14,516	414,798	2	1	1	2	1
2018	관악구	5월	27	23	2	2	7	2	84.3	53,941	35,802	18,139	1,545,790	2	-	2	2	6
2018	관악구	6월	28	25	2	1	10	3	36	22,672	11,987	10,685	354,209	4	-	4	6	3
2018	관악구	7월	23	21	-	2	7	1	68.5	69,725	46,010	23,715	1,142,571	-	-	-	2	5
2018	관악구	8월	38	36	-	2	12	2	121	114,620	74,805	39,815	1,555,240	7	-	7	6	10
2018	관악구	9월	21	15	2	4	9	1	102	88,437	51,226	37,211	567,590	-	-	-	3	9
2018	관악구	10월	27	25	1	1	10	-	14	23,542	12,536	11,006	414,368	-	-	-	-	-
2018	관악구	11월	15	14	-	1	5	-	82	15,640	8,532	7,108	375,786	1	-	1	-	2
2018	관악구	12월	37	33	-	4	14	-	189	113,181	64,836	48,345	902,434	3	-	3	-	12
2018	서초구	계	242	210	6	26	48	3	2,223	848,067	201,149	646,918	18,257,199	15	-	15	3	63
2018	서초구	1월	34	27	-	7	7	-	22	39,990	8,356	31,634	1,553,611	2	-	2	-	3
2018	서초구	2월	25	23	-	2	13	-	1,058	140,515	37,411	103,104	8,002,845	1	-	1	-	6
2018	서초구	3월	15	14	-	1	4	-	81	54,192	19,997	34,195	887,914	-	-	-	-	5
2018	서초구	4월	19	17	-	2	3	-	334	27,321	15,593	11,728	1,103,399	2	-	2	-	1
2018	서초구	5월	10	9	1	-	2	-	60	131,438	18,211	113,227	283,822	3	-	3	-	11
2018	서초구	6월	16	13	1	2	4	-	193	132,509	38,762	93,747	299,761	5	-	5	-	3
2018	서초구	7월	14	12	-	2	2	-	54	29,292	7,904	21,388	468,607	-	-	-	-	20
2018	서초구	8월	25	21	1	3	6	-	22	27,950	10,220	17,730	1,882,289	-	-	-	-	1
2018	서초구	9월	16	16	-	-	1	-	13	103,411	3,262	100,149	992,655	-	-	-	-	8
2018	서초구	10월	18	18	-	-	1	1	40	51,626	17,154	34,472	225,854	1	-	1	1	-
2018	서초구	11월	19	13	1	5	2	-	89	66,207	9,046	57,161	797,085	-	-	-	-	-
2018	서초구	12월	31	27	2	2	3	2	257	43,616	15,233	28,383	1,759,357	1	-	1	2	5
2018	강남구	계	436	399	7	30	134	1	1,631.4	1,624,983	670,429	954,554	87,651,462	23	-	23	1	36
2018	강남구	1월	54	52	-	2	23	1	115.5	152,746	59,441	93,305	6,826,181	-	-	-	1	7
2018	강남구	2월	47	43	-	4	23	-	667	197,067	50,994	146,073	3,471,876	-	-	-	-	-
2018	강남구	3월	35	30	2	3	10	-	12	43,193	6,141	37,052	1,393,520	1	-	1	-	3
2018	강남구	4월	42	42	-	-	10	-	24	46,757	12,324	34,433	8,028,021	-	-	-	-	1
2018	강남구	5월	34	32	-	2	8	-	67	103,691	29,140	74,551	11,573,630	1	-	1	-	3
2018	강남구	6월	30	28	-	2	7	-	48.9	85,093	16,922	68,171	1,713,505	6	-	6	-	7
2018	강남구	7월	34	32	1	1	11	-	153	190,869	55,384	135,485	2,850,328	4	-	4	-	-
2018	강남구	8월	47	43	2	2	9	-	122	127,234	69,102	58,132	20,035,244	4	-	4	-	4
2018	강남구	9월	25	24	-	1	6	-	75	102,582	42,622	59,960	3,298,065	1	-	1	-	1
2018	강남구	10월	26	23	2	1	8	-	208	81,410	58,032	23,378	22,990,278	4	-	4	-	10
2018	강남구	11월	29	27	-	2	8	-	41	36,432	22,043	14,389	1,702,703	1	-	1	-	-
2018	강남구	12월	33	23	-	10	11	-	98	457,909	248,284	209,625	3,768,111	1	-	1	-	-
2018	송파구	계	340	301	7	32	84	16	2,716.5	970,251	390,994	579,257	16,546,317	28	-	28	42	99
2018	송파구	1월	36	30	3	3	6	-	62	73,549	27,210	46,339	1,063,712	2	-	2	-	7
2018	송파구	2월	28	25	-	3	5	8	592	46,177	27,661	18,516	930,166	6	-	6	19	39
2018	송파구	3월	34	31	-	3	11	4	189	227,901	73,101	154,800	1,144,998	3	-	3	14	12
2018	송파구	4월	19	16	-	3	13	-	1,163	144,037	56,724	87,313	1,025,445	-	-	-	-	4
2018	송파구	5월	27	23	-	4	10	-	86	30,046	13,488	16,558	774,838	-	-	-	-	-
2018	송파구	6월	29	29	-	-	3	-	20	67,257	8,122	59,135	281,243	2	-	2	-	4
2018	송파구	7월	36	33	-	3	9	2	82	76,275	38,345	37,930	2,785,946	3	-	3	4	3
2018	송파구	8월	25	22	-	3	6	-	120	73,836	34,317	39,519	608,643	3	-	3	-	-
2018	송파구	9월	23	19	-	4	6	2	143	63,295	29,569	33,726	5,549,640	7	-	7	5	10
2018	송파구	10월	33	29	1	3	8	-	75	50,881	16,924	33,957	627,967	1	-	1	-	6
2018	송파구	11월	19	15	3	1	2	-	152	69,822	55,967	13,855	318,095	1	-	1	-	-
2018	송파구	12월	31	29	-	2	5	-	32.5	47,175	9,566	37,609	1,435,624	-	-	-	-	14
2018	강동구	계	324	297	14	13	59	8	3,357.5	540,625	236,181	304,444	7,235,347	19	4	15	19	26
2018	강동구	1월	34	32	1	1	8	-	64	70,774	29,614	41,160	869,757	-	-	-	-	1
2018	강동구	2월	28	27	1	-	9	4	316	69,336	34,100	35,236	1,466,056	-	-	-	10	1
2018	강동구	3월	31	28	1	2	4	-	19	18,434	6,610	11,824	771,370	2	-	2	-	5
2018	강동구	4월	28	27	-	1	8	2	298	88,253	41,390	46,863	1,842,545	3	1	2	6	1
2018	강동구	5월	20	19	1	-	4	-	341	102,653	56,012	46,641	279,686	1	-	1	-	2
2018	강동구	6월	24	23	1	-	3	-	41	16,656	7,373	9,283	502,134	-	-	-	-	-
2018	강동구	7월	35	28	4	3	10	-	314	66,078	23,704	42,374	167,763	2	-	2	-	5
2018	강동구	8월	29	28	1	-	2	1	21	18,336	5,106	13,230	9,107	1	-	1	2	-
2018	강동구	9월	20	19	-	1	2	1	8	12,047	5,176	6,871	420,164	2	-	2	1	4
2018	강동구	10월	17	16	-	1	-	-	-	1,835	59	1,776	44,838	-	-	-	-	1
2018	강동구	11월	18	15	1	2	6	-	42	22,416	8,050	14,366	699,809	3	1	2	-	5
2018	강동구	12월	40	35	3	2	3	-	1,893.5	53,807	18,987	34,820	162,118	5	2	3	-	1